{
  "run_dir": "/home/ubuntu/SteganographyProbes/data/Meta-Llama-3-8B-Instruct/runs/2026-03-22_stego_detection_reextract",
  "n_layers": 32,
  "n_seeds": 5,
  "off_diag_cosine_mean": 0.30219357875838576,
  "off_diag_cosine_std": 0.24499524861360894,
  "top5_similar_pairs": [
    [
      25,
      26,
      0.9269659438152801
    ],
    [
      24,
      25,
      0.923472015783488
    ],
    [
      23,
      24,
      0.9208863799509807
    ],
    [
      21,
      22,
      0.9170644426631853
    ],
    [
      27,
      28,
      0.9096636016510561
    ]
  ],
  "top5_different_pairs": [
    [
      0,
      29,
      0.010366468405979205
    ],
    [
      0,
      31,
      0.006355999136390501
    ],
    [
      1,
      31,
      0.004545843036122719
    ],
    [
      1,
      30,
      0.002342608704507946
    ],
    [
      0,
      30,
      -6.030595374813957e-05
    ]
  ],
  "l3_similarities": {
    "2": 0.6100613972323499,
    "4": 0.5955334031049099,
    "5": 0.456188790620056,
    "1": 0.36859647680352614,
    "6": 0.32551737625245214,
    "7": 0.2727567304293337,
    "8": 0.2271251553682217,
    "9": 0.19940976430094637,
    "10": 0.19142443226588138,
    "11": 0.15973389732056736,
    "0": 0.15947720860869688,
    "12": 0.14412936915483135,
    "13": 0.11628044831713917,
    "15": 0.11103975498275664,
    "14": 0.11094391313847657,
    "17": 0.10069558761510013,
    "18": 0.09425698011451887,
    "16": 0.09200801077555108,
    "20": 0.0883445262218652,
    "19": 0.0876040294308724,
    "21": 0.08165839691576621,
    "22": 0.07512761338925382,
    "26": 0.05917227978801869,
    "23": 0.05846462911623546,
    "24": 0.05413840040998156,
    "25": 0.05152466376596954,
    "28": 0.046778277992621575,
    "27": 0.04383439236021275,
    "29": 0.035365610633557434,
    "30": 0.012881099406104542,
    "31": 0.011998314195859007
  },
  "cosine_similarity_matrix": [
    [
      0.9999999960722515,
      0.4447860490264753,
      0.24955934394380697,
      0.15947720860869688,
      0.10498847311947929,
      0.08847551570744916,
      0.04441774690038776,
      0.01616683913316398,
      0.031875990363578736,
      0.03515269473549228,
      0.03803869837007698,
      0.05269949292076207,
      0.03525857511557659,
      0.012450150831790366,
      0.03909367092127005,
      0.039452021727308016,
      0.023790004571630136,
      0.03361809591347623,
      0.03122242140390115,
      0.03121203028011856,
      0.03085399776103008,
      0.02678684256982923,
      0.025465825909449555,
      0.018350530794510912,
      0.021105786046001072,
      0.01606887936072739,
      0.014287056267934329,
      0.01580261002019154,
      0.019586606200545566,
      0.010366468405979205,
      -6.030595374813957e-05,
      0.006355999136390501
    ],
    [
      0.4447860490264753,
      0.9999999956234012,
      0.5539353144811237,
      0.36859647680352614,
      0.2531849728658689,
      0.20262669153429594,
      0.12878305580344782,
      0.12119707613230449,
      0.11487023890367834,
      0.09547361217756116,
      0.08030599009913068,
      0.0671554089736603,
      0.059778452515360486,
      0.049893389971729075,
      0.07604451530265682,
      0.0701742409978976,
      0.06695352582618404,
      0.08036413986277241,
      0.06543796488917385,
      0.06609497300837242,
      0.0716294102894544,
      0.06455125895715993,
      0.05384784646547126,
      0.03239528917691289,
      0.03300896361841351,
      0.02947124626804716,
      0.034599124580464026,
      0.030490181846864087,
      0.03281605627531845,
      0.02582874603328823,
      0.002342608704507946,
      0.004545843036122719
    ],
    [
      0.24955934394380697,
      0.5539353144811237,
      0.9999999952567826,
      0.6100613972323499,
      0.4111681971436862,
      0.3156906085645633,
      0.23161571430210764,
      0.20946679333324414,
      0.1762865002470799,
      0.15954230305521597,
      0.15188293077759202,
      0.14580766480428622,
      0.1279806390507926,
      0.11394862326603226,
      0.11347357882291582,
      0.12223534976920926,
      0.10691486646977713,
      0.10889460505819103,
      0.09534157066578419,
      0.0866002100281915,
      0.08931556725064757,
      0.0881573541872415,
      0.079351481005524,
      0.05828591613555977,
      0.04915951230434483,
      0.0415416773066161,
      0.043816256137320944,
      0.0369273285475111,
      0.04659143222158213,
      0.03823388847478433,
      0.013116444173748684,
      0.014486003460311522
    ],
    [
      0.15947720860869688,
      0.36859647680352614,
      0.6100613972323499,
      0.999999994883961,
      0.5955334031049099,
      0.456188790620056,
      0.32551737625245214,
      0.2727567304293337,
      0.2271251553682217,
      0.19940976430094637,
      0.19142443226588138,
      0.15973389732056736,
      0.14412936915483135,
      0.11628044831713917,
      0.11094391313847657,
      0.11103975498275664,
      0.09200801077555108,
      0.10069558761510013,
      0.09425698011451887,
      0.0876040294308724,
      0.0883445262218652,
      0.08165839691576621,
      0.07512761338925382,
      0.05846462911623546,
      0.05413840040998156,
      0.05152466376596954,
      0.05917227978801869,
      0.04383439236021275,
      0.046778277992621575,
      0.035365610633557434,
      0.012881099406104542,
      0.011998314195859007
    ],
    [
      0.10498847311947929,
      0.2531849728658689,
      0.4111681971436862,
      0.5955334031049099,
      0.9999999950308514,
      0.6497482792240479,
      0.4672578974633659,
      0.3582294619500355,
      0.28809907432985654,
      0.25524645355088826,
      0.23887891772651562,
      0.2088539095217989,
      0.1965599043215122,
      0.18567731932876205,
      0.16105552367732737,
      0.16350250105658237,
      0.13266502197351732,
      0.14019332775027887,
      0.145151841186443,
      0.1469764715568953,
      0.14426303162110315,
      0.1262652323157619,
      0.11172315965128642,
      0.10318259701922695,
      0.10326753147757227,
      0.09695995747431271,
      0.09489095968283084,
      0.07674329242833866,
      0.0875472513408748,
      0.07286305454801321,
      0.05881372254997364,
      0.03355833247964769
    ],
    [
      0.08847551570744916,
      0.20262669153429594,
      0.3156906085645633,
      0.456188790620056,
      0.6497482792240479,
      0.9999999947411696,
      0.623492456807109,
      0.4580086043193712,
      0.3746514085842634,
      0.3217252771205067,
      0.29036754795288783,
      0.25919840663792876,
      0.2112400608389798,
      0.1923539313763023,
      0.17884554317316206,
      0.16984909004888932,
      0.13659024294739988,
      0.140124121631468,
      0.1378599120858448,
      0.14398947251500732,
      0.139034977906858,
      0.11902960013182826,
      0.10502162320462298,
      0.10355102812311276,
      0.10380920745394645,
      0.09432895650403048,
      0.09289611040267035,
      0.08181881721667404,
      0.09345644862681007,
      0.07291372481410485,
      0.06739873130211459,
      0.0459577558699795
    ],
    [
      0.04441774690038776,
      0.12878305580344782,
      0.23161571430210764,
      0.32551737625245214,
      0.4672578974633659,
      0.623492456807109,
      0.9999999945426439,
      0.6459283322296571,
      0.4801061980319044,
      0.42011606104853594,
      0.36866017989003425,
      0.32461734263360387,
      0.28112084073894783,
      0.2572679893282052,
      0.227048015878159,
      0.21657093102134997,
      0.1748781505571606,
      0.167288512579548,
      0.16908059137322595,
      0.17525160444392746,
      0.16607180540889452,
      0.15034658653860267,
      0.13363916290033803,
      0.12945396150545493,
      0.12784327879969615,
      0.11973606066883893,
      0.11312222353383232,
      0.08497624990083999,
      0.09062529041233598,
      0.07094397207175972,
      0.056687885456815856,
      0.022260752090974913
    ],
    [
      0.01616683913316398,
      0.12119707613230449,
      0.20946679333324414,
      0.2727567304293337,
      0.3582294619500355,
      0.4580086043193712,
      0.6459283322296571,
      0.9999999943275473,
      0.6895520363310923,
      0.5663792271636208,
      0.4704286059774354,
      0.40474385464386003,
      0.3544644678134496,
      0.3162886907191972,
      0.28216611477772185,
      0.25855076356336426,
      0.21708704186341038,
      0.20913853934646273,
      0.18986340463415646,
      0.17671818588868868,
      0.17057665636252697,
      0.1608296656747214,
      0.1468580846328931,
      0.13815315573819448,
      0.1244854836374539,
      0.12469659868773014,
      0.11235133127097717,
      0.07734035094574017,
      0.08007574091876782,
      0.0692432331142847,
      0.05282527430193256,
      0.02181696560834153
    ],
    [
      0.031875990363578736,
      0.11487023890367834,
      0.1762865002470799,
      0.2271251553682217,
      0.28809907432985654,
      0.3746514085842634,
      0.4801061980319044,
      0.6895520363310923,
      0.9999999939232259,
      0.7523815367189922,
      0.6126329239395399,
      0.5144156913098998,
      0.42921932165436627,
      0.3712770931719866,
      0.32882668506459384,
      0.2869867065168657,
      0.25745030173733124,
      0.24687031230146286,
      0.22274765906878344,
      0.20744441181288797,
      0.1936938779353888,
      0.18245897570704994,
      0.16803772433836067,
      0.16040739085728278,
      0.1427261350015413,
      0.13849900138286242,
      0.13123307832855546,
      0.09091991240017233,
      0.09452875799379663,
      0.08432088302426995,
      0.06955498607281375,
      0.040105416938510004
    ],
    [
      0.03515269473549228,
      0.09547361217756116,
      0.15954230305521597,
      0.19940976430094637,
      0.25524645355088826,
      0.3217252771205067,
      0.42011606104853594,
      0.5663792271636208,
      0.7523815367189922,
      0.9999999940063277,
      0.7695895513800226,
      0.6243809963791555,
      0.5033637580499106,
      0.4350294044931949,
      0.3827486381623192,
      0.34019627204681374,
      0.2820568922307167,
      0.26054793890723105,
      0.2428222661544024,
      0.23168318745319266,
      0.2167618215315738,
      0.20102372678724878,
      0.1893728794411324,
      0.18639933123511088,
      0.16946295485982546,
      0.16206692372809225,
      0.15196195352420272,
      0.10720441868744206,
      0.10642805637799507,
      0.10082186629979624,
      0.08869682579687191,
      0.0589830458931733
    ],
    [
      0.03803869837007698,
      0.08030599009913068,
      0.15188293077759202,
      0.19142443226588138,
      0.23887891772651562,
      0.29036754795288783,
      0.36866017989003425,
      0.4704286059774354,
      0.6126329239395399,
      0.7695895513800226,
      0.9999999940637554,
      0.7629566808590442,
      0.6050587726252001,
      0.5062657134365958,
      0.42599709233030647,
      0.3691685588343834,
      0.30649109928707824,
      0.27862922824652236,
      0.2642586880142957,
      0.2452826695745062,
      0.23954442181936025,
      0.21984160598999392,
      0.20971503494587398,
      0.20539216484542758,
      0.1917967382010983,
      0.18087949229756947,
      0.16931118212668447,
      0.13315832574040348,
      0.13149146990594543,
      0.12016291817064471,
      0.10162996408449809,
      0.0650721006510266
    ],
    [
      0.05269949292076207,
      0.0671554089736603,
      0.14580766480428622,
      0.15973389732056736,
      0.2088539095217989,
      0.25919840663792876,
      0.32461734263360387,
      0.40474385464386003,
      0.5144156913098998,
      0.6243809963791555,
      0.7629566808590442,
      0.9999999941607995,
      0.7300419493182221,
      0.5886517902810259,
      0.48904490011862245,
      0.40952037068021285,
      0.34465099366040497,
      0.3069047411923405,
      0.2887391362232402,
      0.2569591644194785,
      0.25420959230585755,
      0.23562419617928124,
      0.2238069775721235,
      0.2169273660588719,
      0.1985380017585822,
      0.18205334443823093,
      0.16669062546039015,
      0.13598758637027814,
      0.1384258335131518,
      0.11155903559558802,
      0.10030087961356175,
      0.056424136911341766
    ],
    [
      0.03525857511557659,
      0.059778452515360486,
      0.1279806390507926,
      0.14412936915483135,
      0.1965599043215122,
      0.2112400608389798,
      0.28112084073894783,
      0.3544644678134496,
      0.42921932165436627,
      0.5033637580499106,
      0.6050587726252001,
      0.7300419493182221,
      0.9999999940201435,
      0.7534261581949221,
      0.609851659818101,
      0.5043243282329986,
      0.4060432203537276,
      0.36062282531491885,
      0.3308135600999788,
      0.302688237263657,
      0.2905406632714836,
      0.2793104933595691,
      0.25674679815081697,
      0.23505694296889584,
      0.20712898562195045,
      0.1947316520375693,
      0.17932792270343526,
      0.1445967707117745,
      0.14913401168695245,
      0.12165475797861193,
      0.09598674306593433,
      0.0469347251773128
    ],
    [
      0.012450150831790366,
      0.049893389971729075,
      0.11394862326603226,
      0.11628044831713917,
      0.18567731932876205,
      0.1923539313763023,
      0.2572679893282052,
      0.3162886907191972,
      0.3712770931719866,
      0.4350294044931949,
      0.5062657134365958,
      0.5886517902810259,
      0.7534261581949221,
      0.9999999940973126,
      0.7603303752355839,
      0.6260306902736646,
      0.4992574698479838,
      0.4440898348406445,
      0.407658736576325,
      0.36853006129349675,
      0.35374600194824324,
      0.33290419221871453,
      0.306118562117576,
      0.282635034793782,
      0.25948155052101746,
      0.24481166135985966,
      0.22838623467714853,
      0.19522424724792367,
      0.1931393754285507,
      0.15646494139498832,
      0.12309060175547486,
      0.06799674882161386
    ],
    [
      0.03909367092127005,
      0.07604451530265682,
      0.11347357882291582,
      0.11094391313847657,
      0.16105552367732737,
      0.17884554317316206,
      0.227048015878159,
      0.28216611477772185,
      0.32882668506459384,
      0.3827486381623192,
      0.42599709233030647,
      0.48904490011862245,
      0.609851659818101,
      0.7603303752355839,
      0.9999999943404456,
      0.7798443351342197,
      0.6047953481274609,
      0.5170514602005555,
      0.4733909715683753,
      0.42405081490721613,
      0.3938831320343042,
      0.3661930372646627,
      0.3331096921524009,
      0.3045073648853353,
      0.2829840882441693,
      0.2730354538566037,
      0.25382053257607545,
      0.20968188789115735,
      0.20205850021631055,
      0.17223702173160788,
      0.13583926684140973,
      0.06777669462415448
    ],
    [
      0.039452021727308016,
      0.0701742409978976,
      0.12223534976920926,
      0.11103975498275664,
      0.16350250105658237,
      0.16984909004888932,
      0.21657093102134997,
      0.25855076356336426,
      0.2869867065168657,
      0.34019627204681374,
      0.3691685588343834,
      0.40952037068021285,
      0.5043243282329986,
      0.6260306902736646,
      0.7798443351342197,
      0.9999999945637175,
      0.7360780346121232,
      0.6238357448112132,
      0.5550544973968976,
      0.5058630566578549,
      0.4699577498337452,
      0.4343700727612397,
      0.4031209624670715,
      0.374255196604262,
      0.3515402085063133,
      0.3328027867764811,
      0.31006037533012554,
      0.25313639922481224,
      0.24457868923041942,
      0.2093139524118863,
      0.15948473312085742,
      0.08777913957435517
    ],
    [
      0.023790004571630136,
      0.06695352582618404,
      0.10691486646977713,
      0.09200801077555108,
      0.13266502197351732,
      0.13659024294739988,
      0.1748781505571606,
      0.21708704186341038,
      0.25745030173733124,
      0.2820568922307167,
      0.30649109928707824,
      0.34465099366040497,
      0.4060432203537276,
      0.4992574698479838,
      0.6047953481274609,
      0.7360780346121232,
      0.999999994383578,
      0.8116671725773347,
      0.7191002380023831,
      0.6550205433130164,
      0.6100338280726685,
      0.5600210469739959,
      0.5261810413240445,
      0.48738392522356894,
      0.4630501445559561,
      0.4323948057727101,
      0.4046219593921315,
      0.350888387755676,
      0.3268730045669676,
      0.27002034655755547,
      0.1985941688888974,
      0.10423134619338598
    ],
    [
      0.03361809591347623,
      0.08036413986277241,
      0.10889460505819103,
      0.10069558761510013,
      0.14019332775027887,
      0.140124121631468,
      0.167288512579548,
      0.20913853934646273,
      0.24687031230146286,
      0.26054793890723105,
      0.27862922824652236,
      0.3069047411923405,
      0.36062282531491885,
      0.4440898348406445,
      0.5170514602005555,
      0.6238357448112132,
      0.8116671725773347,
      0.9999999944904033,
      0.871444970895373,
      0.7933638489156241,
      0.7390777064948942,
      0.683817300747059,
      0.6404623780947656,
      0.5904097198887976,
      0.553589376234722,
      0.5211482169692783,
      0.4944809717777884,
      0.43455347022091245,
      0.4132051694163615,
      0.34493647932652144,
      0.2534577322950473,
      0.14654434935703536
    ],
    [
      0.03122242140390115,
      0.06543796488917385,
      0.09534157066578419,
      0.09425698011451887,
      0.145151841186443,
      0.1378599120858448,
      0.16908059137322595,
      0.18986340463415646,
      0.22274765906878344,
      0.2428222661544024,
      0.2642586880142957,
      0.2887391362232402,
      0.3308135600999788,
      0.407658736576325,
      0.4733909715683753,
      0.5550544973968976,
      0.7191002380023831,
      0.871444970895373,
      0.9999999946020458,
      0.8906720062511004,
      0.8151076926635196,
      0.7447719803701307,
      0.6948490873013119,
      0.6351293580804226,
      0.5968476992081699,
      0.5577850268638386,
      0.52489602501703,
      0.46722917067278713,
      0.44309756701462044,
      0.3752931761208916,
      0.2781815489493699,
      0.16410216844310982
    ],
    [
      0.03121203028011856,
      0.06609497300837242,
      0.0866002100281915,
      0.0876040294308724,
      0.1469764715568953,
      0.14398947251500732,
      0.17525160444392746,
      0.17671818588868868,
      0.20744441181288797,
      0.23168318745319266,
      0.2452826695745062,
      0.2569591644194785,
      0.302688237263657,
      0.36853006129349675,
      0.42405081490721613,
      0.5058630566578549,
      0.6550205433130164,
      0.7933638489156241,
      0.8906720062511004,
      0.9999999946473159,
      0.9046308087581705,
      0.8196396687617075,
      0.7627552917990353,
      0.6968425283490153,
      0.6588906858059175,
      0.6193877369943567,
      0.5863615748736059,
      0.513772236458895,
      0.4917211781399313,
      0.4190543730652223,
      0.32088226284435717,
      0.19883151633856472
    ],
    [
      0.03085399776103008,
      0.0716294102894544,
      0.08931556725064757,
      0.0883445262218652,
      0.14426303162110315,
      0.139034977906858,
      0.16607180540889452,
      0.17057665636252697,
      0.1936938779353888,
      0.2167618215315738,
      0.23954442181936025,
      0.25420959230585755,
      0.2905406632714836,
      0.35374600194824324,
      0.3938831320343042,
      0.4699577498337452,
      0.6100338280726685,
      0.7390777064948942,
      0.8151076926635196,
      0.9046308087581705,
      0.9999999946767861,
      0.8989764757179193,
      0.8321428150773744,
      0.7573849417801506,
      0.7126236120006922,
      0.6622197551365024,
      0.627632754931602,
      0.5476445244282937,
      0.5200437272941864,
      0.44545074023695536,
      0.3418065301420724,
      0.20946372505770566
    ],
    [
      0.02678684256982923,
      0.06455125895715993,
      0.0881573541872415,
      0.08165839691576621,
      0.1262652323157619,
      0.11902960013182826,
      0.15034658653860267,
      0.1608296656747214,
      0.18245897570704994,
      0.20102372678724878,
      0.21984160598999392,
      0.23562419617928124,
      0.2793104933595691,
      0.33290419221871453,
      0.3661930372646627,
      0.4343700727612397,
      0.5600210469739959,
      0.683817300747059,
      0.7447719803701307,
      0.8196396687617075,
      0.8989764757179193,
      0.9999999947911803,
      0.9170644426631853,
      0.8336765592204908,
      0.78160229131543,
      0.7294925079884267,
      0.6906292352149843,
      0.6009400333062116,
      0.5689352582853016,
      0.49465229435529007,
      0.38101401830417353,
      0.23072000745766763
    ],
    [
      0.025465825909449555,
      0.05384784646547126,
      0.079351481005524,
      0.07512761338925382,
      0.11172315965128642,
      0.10502162320462298,
      0.13363916290033803,
      0.1468580846328931,
      0.16803772433836067,
      0.1893728794411324,
      0.20971503494587398,
      0.2238069775721235,
      0.25674679815081697,
      0.306118562117576,
      0.3331096921524009,
      0.4031209624670715,
      0.5261810413240445,
      0.6404623780947656,
      0.6948490873013119,
      0.7627552917990353,
      0.8321428150773744,
      0.9170644426631853,
      0.9999999948182742,
      0.9074566163649105,
      0.8488500855394484,
      0.7901726174886654,
      0.7454442161180461,
      0.6467018096378987,
      0.6114630679661525,
      0.5312498401176041,
      0.4107477585997244,
      0.25294230807705803
    ],
    [
      0.018350530794510912,
      0.03239528917691289,
      0.05828591613555977,
      0.05846462911623546,
      0.10318259701922695,
      0.10355102812311276,
      0.12945396150545493,
      0.13815315573819448,
      0.16040739085728278,
      0.18639933123511088,
      0.20539216484542758,
      0.2169273660588719,
      0.23505694296889584,
      0.282635034793782,
      0.3045073648853353,
      0.374255196604262,
      0.48738392522356894,
      0.5904097198887976,
      0.6351293580804226,
      0.6968425283490153,
      0.7573849417801506,
      0.8336765592204908,
      0.9074566163649105,
      0.9999999948017863,
      0.9208863799509807,
      0.8546683819847751,
      0.8016710166490679,
      0.704488873225662,
      0.665038347399812,
      0.5820030886193517,
      0.4517634940439517,
      0.28244453048609813
    ],
    [
      0.021105786046001072,
      0.03300896361841351,
      0.04915951230434483,
      0.05413840040998156,
      0.10326753147757227,
      0.10380920745394645,
      0.12784327879969615,
      0.1244854836374539,
      0.1427261350015413,
      0.16946295485982546,
      0.1917967382010983,
      0.1985380017585822,
      0.20712898562195045,
      0.25948155052101746,
      0.2829840882441693,
      0.3515402085063133,
      0.4630501445559561,
      0.553589376234722,
      0.5968476992081699,
      0.6588906858059175,
      0.7126236120006922,
      0.78160229131543,
      0.8488500855394484,
      0.9208863799509807,
      0.9999999947373369,
      0.923472015783488,
      0.8625986951077763,
      0.7573649279889834,
      0.706962274872163,
      0.6143661953882307,
      0.48261523784231775,
      0.3157950776446352
    ],
    [
      0.01606887936072739,
      0.02947124626804716,
      0.0415416773066161,
      0.05152466376596954,
      0.09695995747431271,
      0.09432895650403048,
      0.11973606066883893,
      0.12469659868773014,
      0.13849900138286242,
      0.16206692372809225,
      0.18087949229756947,
      0.18205334443823093,
      0.1947316520375693,
      0.24481166135985966,
      0.2730354538566037,
      0.3328027867764811,
      0.4323948057727101,
      0.5211482169692783,
      0.5577850268638386,
      0.6193877369943567,
      0.6622197551365024,
      0.7294925079884267,
      0.7901726174886654,
      0.8546683819847751,
      0.923472015783488,
      0.9999999947034399,
      0.9269659438152801,
      0.8140707294803923,
      0.7607589607418278,
      0.6675641586590171,
      0.5298233500623283,
      0.34901515030032687
    ],
    [
      0.014287056267934329,
      0.034599124580464026,
      0.043816256137320944,
      0.05917227978801869,
      0.09489095968283084,
      0.09289611040267035,
      0.11312222353383232,
      0.11235133127097717,
      0.13123307832855546,
      0.15196195352420272,
      0.16931118212668447,
      0.16669062546039015,
      0.17932792270343526,
      0.22838623467714853,
      0.25382053257607545,
      0.31006037533012554,
      0.4046219593921315,
      0.4944809717777884,
      0.52489602501703,
      0.5863615748736059,
      0.627632754931602,
      0.6906292352149843,
      0.7454442161180461,
      0.8016710166490679,
      0.8625986951077763,
      0.9269659438152801,
      0.9999999947019669,
      0.8643418843605353,
      0.8036943484369369,
      0.7082433084438889,
      0.5634719935501197,
      0.3782144701544867
    ],
    [
      0.01580261002019154,
      0.030490181846864087,
      0.0369273285475111,
      0.04383439236021275,
      0.07674329242833866,
      0.08181881721667404,
      0.08497624990083999,
      0.07734035094574017,
      0.09091991240017233,
      0.10720441868744206,
      0.13315832574040348,
      0.13598758637027814,
      0.1445967707117745,
      0.19522424724792367,
      0.20968188789115735,
      0.25313639922481224,
      0.350888387755676,
      0.43455347022091245,
      0.46722917067278713,
      0.513772236458895,
      0.5476445244282937,
      0.6009400333062116,
      0.6467018096378987,
      0.704488873225662,
      0.7573649279889834,
      0.8140707294803923,
      0.8643418843605353,
      0.9999999942685004,
      0.9096636016510561,
      0.8083563988488983,
      0.6608295567134959,
      0.43846519902188386
    ],
    [
      0.019586606200545566,
      0.03281605627531845,
      0.04659143222158213,
      0.046778277992621575,
      0.0875472513408748,
      0.09345644862681007,
      0.09062529041233598,
      0.08007574091876782,
      0.09452875799379663,
      0.10642805637799507,
      0.13149146990594543,
      0.1384258335131518,
      0.14913401168695245,
      0.1931393754285507,
      0.20205850021631055,
      0.24457868923041942,
      0.3268730045669676,
      0.4132051694163615,
      0.44309756701462044,
      0.4917211781399313,
      0.5200437272941864,
      0.5689352582853016,
      0.6114630679661525,
      0.665038347399812,
      0.706962274872163,
      0.7607589607418278,
      0.8036943484369369,
      0.9096636016510561,
      0.9999999943333231,
      0.8915586807465873,
      0.7266231161439956,
      0.4874388799021113
    ],
    [
      0.010366468405979205,
      0.02582874603328823,
      0.03823388847478433,
      0.035365610633557434,
      0.07286305454801321,
      0.07291372481410485,
      0.07094397207175972,
      0.0692432331142847,
      0.08432088302426995,
      0.10082186629979624,
      0.12016291817064471,
      0.11155903559558802,
      0.12165475797861193,
      0.15646494139498832,
      0.17223702173160788,
      0.2093139524118863,
      0.27002034655755547,
      0.34493647932652144,
      0.3752931761208916,
      0.4190543730652223,
      0.44545074023695536,
      0.49465229435529007,
      0.5312498401176041,
      0.5820030886193517,
      0.6143661953882307,
      0.6675641586590171,
      0.7082433084438889,
      0.8083563988488983,
      0.8915586807465873,
      0.9999999942136282,
      0.8221865739540317,
      0.5535422028107739
    ],
    [
      -6.030595374813957e-05,
      0.002342608704507946,
      0.013116444173748684,
      0.012881099406104542,
      0.05881372254997364,
      0.06739873130211459,
      0.056687885456815856,
      0.05282527430193256,
      0.06955498607281375,
      0.08869682579687191,
      0.10162996408449809,
      0.10030087961356175,
      0.09598674306593433,
      0.12309060175547486,
      0.13583926684140973,
      0.15948473312085742,
      0.1985941688888974,
      0.2534577322950473,
      0.2781815489493699,
      0.32088226284435717,
      0.3418065301420724,
      0.38101401830417353,
      0.4107477585997244,
      0.4517634940439517,
      0.48261523784231775,
      0.5298233500623283,
      0.5634719935501197,
      0.6608295567134959,
      0.7266231161439956,
      0.8221865739540317,
      0.9999999938367925,
      0.6798886821468784
    ],
    [
      0.006355999136390501,
      0.004545843036122719,
      0.014486003460311522,
      0.011998314195859007,
      0.03355833247964769,
      0.0459577558699795,
      0.022260752090974913,
      0.02181696560834153,
      0.040105416938510004,
      0.0589830458931733,
      0.0650721006510266,
      0.056424136911341766,
      0.0469347251773128,
      0.06799674882161386,
      0.06777669462415448,
      0.08777913957435517,
      0.10423134619338598,
      0.14654434935703536,
      0.16410216844310982,
      0.19883151633856472,
      0.20946372505770566,
      0.23072000745766763,
      0.25294230807705803,
      0.28244453048609813,
      0.3157950776446352,
      0.34901515030032687,
      0.3782144701544867,
      0.43846519902188386,
      0.4874388799021113,
      0.5535422028107739,
      0.6798886821468784,
      0.9999999939275389
    ]
  ],
  "layer_indices": [
    0,
    1,
    2,
    3,
    4,
    5,
    6,
    7,
    8,
    9,
    10,
    11,
    12,
    13,
    14,
    15,
    16,
    17,
    18,
    19,
    20,
    21,
    22,
    23,
    24,
    25,
    26,
    27,
    28,
    29,
    30,
    31
  ],
  "interpretation": "mean_cos > 0.7: consistent global stego direction across all layers. mean_cos 0.3-0.7: direction shifts across layers (potentially multiple sub-computations). mean_cos < 0.3: independent layer-specific signals."
}